
Descriptive statistics
==============================================================
Statistic             N      Mean    St. Dev.   Min     Max   
--------------------------------------------------------------
soldprice           14,449 210,854.8 117,441.6 5,000 1,900,000
offender_lived_1    14,449    0.2       0.6      0       6    
offenders_lived_0.1 14,449   0.01       0.1      0       2    
lotsize_use         14,449    1.2       8.5     0.0    800.0  
beds                14,449    3.3       0.7      1       8    
fb                  14,449    2.1       0.6      0       8    
hb                  14,449    0.3       0.5      0       3    
distance            14,449    0.3       0.3     0.0     1.0   
--------------------------------------------------------------
